52.13
56.89
61.27
65.45
70.12
74.81
78.94
82.57
85.32
87.21
88.12
88.95
89.71
90.42
91.08
91.71
92.30
92.88
93.45
94.02
94.61
95.21
95.83
96.47
97.11
97.75
98.38
98.98
99.57
100.14
100.68
101.20
101.68
102.13
102.56
102.95
103.31
103.65
103.97
104.28
104.58
104.86
105.13
105.39
105.64
105.88
106.12
106.35
106.58
106.80
107.02
107.24
107.45
107.67
107.89
108.11
108.33
108.55
108.77
108.99
109.21
109.43
109.65
109.87
110.09
110.31
110.53
110.75
110.97
111.19
111.41
111.63
111.85
112.07
112.29
112.51
112.73
112.95
113.17
113.39
113.61
113.83
114.05
114.27
114.49
114.71
114.93
115.15
115.37
115.59
115.81
116.03
116.25
116.47
116.69
116.91
117.13
117.35
117.57
117.79
118.01
118.23
118.45
118.67
118.89
119.11
119.33
119.55
119.77
119.99
